Tiempos de partidas con varios tableros:

Simple_evaluation_funtion
Sin poda alpha beta
28.04831051826477
62.656657457351685
58.9730920791626
52.713990211486816
51.59214377403259
43.863667726516724
28.81133532524109
33.33422303199768
53.14336824417114
34.19199562072754
33.74930381774902
27.151485681533813
47.03356122970581
55.66102600097656
30.12916326522827
28.73763108253479

Con poda alpha beta
13.91988229751587
10.152012825012207
14.191892147064209
20.95055651664734
14.739522457122803
21.945508241653442
13.190967559814453
19.129712343215942
25.289428234100342
25.059165954589844
14.027509689331055
20.888200283050537
12.566542863845825
15.835341215133667
19.817294597625732
25.8651123046875

Mamadisimo_original
Con poda alpha beta
5.336374998092651
25.297266006469727
24.80735206604004
27.39106583595276
30.385689735412598
31.82372283935547
24.288930654525757
32.052382469177246
28.158876180648804
25.150311946868896
21.603012084960938
29.622210025787354
25.51299810409546
29.428514003753662
20.310075521469116
6.375949144363403

Sin poda alpha beta
15.11690092086792
62.26992583274841
62.57741618156433
61.151073932647705
49.82190990447998
63.292993783950806
67.8502836227417
17.81824016571045
50.93729853630066
60.89662408828735
63.66688561439514
17.15149235725403
64.70521688461304
70.12701511383057
67.8318088054657
85.72095894813538
