Simple_evaluation_funtion
Con poda alpha beta
53
47
61
88
230
140
144
158
172
242
396
681
455
345
402
631
367
463
473
830
807
957
426
672
465
254
442
511
477
357
349
535
375
497
489
369
549
216
424
227
339
188
349
224
211
229
258
172
236
199
183
139
98
78
52
27
18
11
4
1
14.906753540039062
48
51
60
73
297
208
147
254
231
385
414
418
549
879
698
589
701
664
598
618
603
554
526
493
346
750
386
737
415
536
296
414
227
815
452
481
462
499
293
334
374
469
359
127
499
351
233
152
204
125
145
82
90
78
68
49
22
11
4
1
17.030296564102173

Sin poda alpha beta
72
78
119
138
529
320
338
433
477
966
704
1704
1341
839
454
445
977
1189
1842
1143
1349
795
1342
879
1355
971
1347
1709
1149
1101
960
689
909
384
585
799
1271
965
846
188
588
61
566
49
395
215
399
210
345
314
316
147
152
84
70
32
20
15
4
1
21.917034149169922
72
78
119
138
529
445
845
892
1038
623
1194
1196
1550
1570
2131
2263
2081
1973
2384
2520
1882
1834
1429
1885
1343
2210
1181
2113
1329
1341
1245
1248
844
1034
879
1077
711
887
1087
872
755
661
616
574
432
551
476
507
413
349
310
182
148
94
57
36
5
6
2
1
35.35390782356262

Mamadisimmo_evaluation_funtion
Sin poda alpha beta
72
78
148
208
162
308
626
386
983
851
1178
1113
1670
1539
1871
2314
2078
2574
2422
3421
3446
2886
2945
2690
3080
1866
3775
2370
2639
1459
1339
1147
1249
1690
1924
1228
1328
755
1343
577
1445
355
1069
355
723
230
397
126
316
173
231
56
117
71
76
39
16
5
4
1
65.19241237640381
72
78
148
208
162
308
626
386
983
851
1178
1113
1670
1539
1871
2314
2078
2574
2422
3421
3446
2886
2945
2690
3080
1866
3775
2370
2639
1459
1339
1147
1249
1690
1924
1228
1328
755
1343
577
1445
355
1069
355
723
230
397
126
316
173
231
56
117
71
76
39
16
5
4
1
69.73364567756653

Con poda alpha beta
41
57
109
89
110
92
185
222
419
445
396
334
581
454
588
705
556
666
626
858
772
510
308
334
739
318
624
337
344
211
230
176
368
378
464
371
382
204
479
268
574
164
476
200
373
131
212
73
178
40
72
33
85
40
67
35
16
5
4
1
23.07346487045288
41
57
109
89
110
92
185
222
419
445
396
334
581
454
588
705
556
666
626
858
772
510
308
334
739
318
624
337
344
211
230
176
368
378
464
371
382
204
479
268
574
164
476
200
373
131
212
73
178
40
72
33
85
40
67
35
16
5
4
1
23.459384202957153
